,,School System & School,# Tested,% Tested,Math Score,CR Score1,Writing Score3,M+CR2,M+CR+W3
                   ,                   , United States (All Students) ,1660047,50,514,496,488,1010,1498
  ,  , North Carolina (All Students) ,58100,62,506,495,478,1001,1479
,, NC School of Science & Math ,358,NA,702,669,648,1371,2019
,, NC School of The Arts ,108,NA,558,578,576,1136,1712
10,10, Alamance-Burlington ,753,56.9,490,469,455,959,1414
10,303, Alamance-Burlington Mid Colleg ,11,27.5,471,523,477,994,1471
10,324, Eastern Alamance High ,141,71.9,511,470,464,981,1445
10,348, Graham High ,87,60.4,425,415,406,840,1246
10,360, Hugh M Cummings High ,51,31.1,453,437,412,890,1302
10,388, Southern Alamance High ,165,56.1,475,466,452,941,1393
10,396, Walter M Williams High ,133,60.7,516,493,477,1009,1486
10,400, Western Alamance High ,165,62.7,514,486,469,1000,1469
01B ,01B , River Mill Academy ,30,85.7,492,464,446,956,1402
01C ,01C , Clover Garden ,15,75,496,487,449,983,1432
01D ,01D , The Hawbridge School ,9,69.2,502,578,542,1080,1622
20,20, Alexander County Schools ,103,29.6,485,465,445,950,1395
20,302, Alexander Central High ,103,29.6,485,465,445,950,1395
30,30, Alleghany County Schools ,40,54.8,489,472,457,961,1418
30,304, Alleghany High ,40,54.8,489,472,457,961,1418
40,40, Anson County Schools ,127,51,419,423,409,842,1251
40,304, Anson Early College High ,32,57.1,467,477,467,944,1411
40,306, Anson High ,74,49.3,403,404,386,807,1193
40,700, Anson New Technology School ,21,87.5,402,405,400,807,1207
50,50, Ashe County Schools ,88,44.9,509,475,464,984,1448
50,302, Ashe County High ,88,44.9,509,475,464,984,1448
60,60, Avery County Schools ,25,18.1,504,523,499,1027,1526
60,302, Avery County High ,14,15.7,488,497,477,985,1462
60,700, Avery High Stem ,11,33.3,525,555,528,1080,1608
06B ,06B , Crossnore Academy ,6,85.7,352,365,395,717,1112
70,70, Beaufort County Schools ,187,40.2,477,463,441,940,1381
70,311, Beaufourt County Early College ,20,33.3,511,520,480,1031,1511
70,330, Northside High ,33,36.3,514,468,443,982,1425
70,339, Southside High ,35,34.7,469,458,440,927,1367
70,342, Washington High ,99,55.3,460,451,432,911,1343
80,80, Bertie County Schools ,121,71.2,404,394,380,798,1178
80,311, Bertie Early College High ,23,79.3,428,411,406,839,1245
80,312, Bertie High ,78,62.9,378,369,355,747,1102
80,700, Bertie Stem High ,20,100,479,474,449,953,1402
90,90, Bladen County Schools ,121,43.5,440,425,400,865,1265
90,330, East Bladen High ,63,48.5,434,423,394,857,1251
90,368, West Bladen High ,58,39.2,447,427,406,874,1280
100,100, Brunswick County Schools ,345,45.3,486,482,466,968,1434
100,307, Brunswick County Early College ,52,60.5,526,528,521,1054,1575
100,326, North Brunswick High ,69,34.5,473,459,458,932,1390
100,334, South Brunswick High ,93,44.7,499,497,468,996,1464
100,348, West Brunswick High ,131,49.1,469,464,446,933,1379
110,110, Buncombe County Schools ,757,48.3,530,523,502,1053,1555
110,303,Community High,4,11.1, * , * , * , * , * 
110,304, A C Reynolds High ,136,53.5,550,552,532,1102,1634
110,322, Buncombe County Early College ,32,45.1,528,554,513,1082,1595
110,336, Charles D Owen High ,97,58.4,499,496,472,995,1467
110,340, Clyde A Erwin High ,83,30.6,507,488,468,995,1463
110,352, Enka High ,102,46.4,497,495,467,992,1459
110,380, North Buncombe High ,119,57.2,540,527,500,1067,1567
110,416, T C Roberson High ,181,58.8,557,543,535,1100,1635
111,111, Asheville City Schools ,185,73.7,526,546,514,1072,1586
111,302, Asheville High ,167,76.6,523,542,510,1065,1575
111,700, Asheville High Of Inq & Life S ,18,54.5,550,583,548,1133,1681
120,120, Burke County Schools ,315,37.8,513,493,479,1006,1485
120,310, Burke Middle College ,13,20.6,528,512,503,1040,1543
120,314, East Burke High ,70,36.6,514,490,475,1004,1479
120,318, Freedom High ,79,37.1,498,492,481,990,1471
120,346, Jimmy C. Draughn High ,62,46.3,513,494,471,1007,1478
120,370, Robert L. Patton High ,91,50.8,523,492,482,1015,1497
130,130, Cabarrus County Schools ,1117,60.8,518,499,481,1017,1498
130,307, Cox Mill High School ,180,71.4,524,513,497,1037,1534
130,310, Central Cabarrus High ,135,52.7,480,456,439,936,1375
130,314, Concord High ,109,47.4,509,504,485,1013,1498
130,316, Jay M Robinson High ,189,61.8,533,511,492,1044,1536
130,324, Mount Pleasant High ,94,53.1,493,476,443,969,1412
130,326, N W Cabarrus High ,118,61.1,522,502,482,1024,1506
130,332, Hickory Ridge High ,258,77,533,508,496,1041,1537
130,333, Cabarrus County Performance Le ,4,8.9, * , * , * , * , * 
130,350, Cabarrus-Kannapolis Early Col ,30,100,538,509,485,1047,1532
132,132, Kannapolis City Schools ,114,37.4,469,459,439,928,1367
132,304, A L Brown High ,114,37.4,469,459,439,928,1367
140,140, Caldwell County Schools ,369,46.2,505,495,474,1000,1474
140,305, Caldwell Career Center Middle ,6,14.3,533,563,525,1096,1621
140,309, Caldwell Early College ,63,46.3,532,540,518,1072,1590
140,348, Hibriten High ,94,54.3,476,477,453,953,1406
140,386, South Caldwell High ,132,49.8,532,512,491,1044,1535
140,390, West Caldwell High ,74,41.6,470,445,428,915,1343
150,150, Camden County Schools ,80,69,480,481,463,961,1424
150,304, Camden County High ,57,73.1,476,470,458,946,1404
150,700, Cam Tech High ,23,60.5,489,508,475,997,1472
160,160, Carteret County Public Schools,273,53.8,529,517,495,1046,1541
160,313, East Carteret High ,44,45.4,517,493,465,1010,1475
160,314, Croatan High ,104,63.8,540,524,511,1064,1575
160,344, West Carteret High ,125,50.6,524,519,492,1043,1535
170,170, Caswell County Schools ,71,42.3,469,459,441,928,1369
170,316, Bartlett Yancey High ,71,42.3,469,459,441,928,1369
180,180, Catawba County Schools ,629,52.2,507,483,463,990,1453
180,308, Bandys High ,110,51.6,505,490,466,995,1461
180,320, Bunker Hill High ,65,33.2,477,457,428,934,1362
180,323, Catawba Rosenwald Ed Cntr ,,,   ,   ,   ,   ,   
180,325, Catawba Valley Early Coll Hi ,69,74.2,525,510,491,1035,1526
180,340, Fred T Foard High ,139,53.7,514,481,470,995,1465
180,348, Maiden High ,99,51,489,458,433,947,1380
180,376, Saint Stephens High ,147,59.8,519,496,476,1015,1491
181,181, Hickory City Schools ,134,58.8,520,497,486,1017,1503
181,318, Catawba Valley High ,6,23.1,387,352,390,739,1129
181,322, Hickory High ,128,63.4,526,504,491,1030,1521
182,182, Newton Conover City ,106,46.5,504,496,464,1000,1464
182,316, Newton-Conover High ,86,48.6,502,483,455,985,1440
182,700, Newton-Conover Health/Sci ,20,60.6,513,551,503,1064,1567
190,190, Chatham County Schools ,308,63.9,503,483,468,986,1454
190,316, Chatham Central High ,61,62.2,503,458,448,961,1409
190,336, Jordan Matthews High ,86,53.1,465,452,427,917,1344
190,342, Northwood High ,160,76.6,524,508,497,1032,1529
19B ,19B , Woods Charter ,37,94.9,555,574,561,1129,1690
200,200, Cherokee County Schools ,93,42.9,508,489,472,997,1469
200,308, Andrews High ,25,46.3,504,474,451,978,1429
200,314, Hiwassee Dam High ,15,41.7,503,475,466,978,1444
200,328, Murphy High ,47,52.8,507,496,480,1003,1483
200,350, Tri-County Early College High ,5,21.7,568,564,538,1132,1670
210,210, Edenton-Chowan Schools ,89,65,455,423,413,878,1291
210,312, John A Holmes High ,89,65,455,423,413,878,1291
220,220, Clay County Schools ,59,74.7,520,501,490,1021,1511
220,310, Hayesville High ,59,74.7,520,501,490,1021,1511
230,230, Cleveland County Schools ,524,52.1,498,475,451,973,1424
230,312, Burns High ,124,55.9,495,473,450,968,1418
230,322, Cleveland Early College ,32,52.5,456,459,447,915,1362
230,324, Crest Senior High ,144,53.5,496,464,433,960,1393
230,330, Turning Point Academy ,,   ,   ,   ,   ,   ,   
230,350, Kings Mountain High ,86,37.1,512,482,458,994,1452
230,361, Shelby High ,138,73.8,504,488,468,992,1460
240,240, Columbus County Schools ,208,48.3,436,417,408,853,1261
240,334, East Columbus High ,58,50,421,400,382,821,1203
240,371, South Columbus High ,79,50,457,435,427,892,1319
240,373, Southeastern Early College ,13,27.7,475,442,438,917,1355
240,380, West Columbus High ,58,54.2,414,405,400,819,1219
241,241, Whiteville City Schools ,103,67.3,468,462,455,930,1385
241,316, Whiteville High ,103,70.1,468,462,455,930,1385
250,250, Craven County Schools ,347,35.5,500,479,452,979,1431
250,314, Craven Early College High ,16,20.8,489,484,466,973,1439
250,321, Early College East High ,,   ,   ,   ,   ,   ,   
250,340, Havelock High ,94,35.5,511,491,470,1002,1472
250,356, New Bern High ,170,45,497,480,451,977,1428
250,372, West Craven High ,67,26.1,496,459,425,955,1380
260,260, Cumberland County Schools ,1737,53.7,461,464,442,925,1367
260,318, Jack Britt High ,285,66.3,506,507,487,1013,1500
260,322, Douglas Byrd High ,107,41.6,424,422,395,846,1241
260,325, Cape Fear High ,126,43.8,485,477,465,962,1427
260,354, Cross Creek Early College ,31,72.1,486,498,479,984,1463
260,357, Gray's Creek High ,133,47.8,465,470,439,935,1374
260,359, E E Smith High ,114,47.1,415,409,392,824,1216
260,374, Fuller Performance Learning Ce ,6,11.3,370,392,360,762,1122
260,388, Massey Hill Classic Sch ,51,72.9,485,518,480,1003,1483
260,408, Pine Forest High ,171,55.9,453,454,427,907,1334
260,411, Reid Ross Classical School ,54,79.4,449,463,436,912,1348
260,424, Seventy-First High ,148,45.5,427,428,412,855,1267
260,427, South View High ,182,54.7,457,461,438,918,1356
260,446, Terry Sanford High ,183,65.4,492,500,478,992,1470
260,455, Westover High ,115,55.6,408,411,396,819,1215
260,700, Howard Health ,31,91.2,461,478,456,939,1395
270,270, Currituck County Schools ,128,56.1,504,490,460,994,1454
270,306, Currituck County High ,103,55.7,502,491,464,993,1457
270,311, The Jp Knapp Early College ,25,58.1,512,486,446,998,1444
280,280, Dare County Schools ,219,75.5,523,501,480,1024,1504
280,304, Cape Hatteras Secondary ,9,34.6,550,516,508,1066,1574
280,316, Manteo High ,73,83,506,474,455,980,1435
280,330, First Flight High ,137,83,531,515,492,1046,1538
290,290, Davidson County Schools ,631,53.4,511,495,477,1006,1483
290,308, Central Davidson High ,90,49.5,504,481,460,985,1445
290,314, Davidson Co Ext Day ,,   ,   ,   ,   ,   ,   
290,315, Davidson Early College ,18,100,550,547,509,1097,1606
290,324, East Davidson High ,86,50.6,509,498,477,1007,1484
290,336, Ledford Senior High ,147,60.5,512,508,492,1020,1512
290,348, North Davidson Sr High ,190,61.1,523,495,477,1018,1495
290,365, South Davidson High ,32,45.1,465,471,463,936,1399
290,388, West Davidson High ,68,48.2,502,480,466,982,1448
291,291, Lexington City Schools ,97,58.1,412,409,391,821,1212
291,336, Lexington Sr High ,97,59.5,412,409,391,821,1212
292,292, Thomasville City Schools ,91,67.4,418,408,383,826,1209
292,324, Thomasville High ,91,67.4,418,408,383,826,1209
300,300, Davie County Schools ,207,49.8,526,515,497,1041,1538
300,312, Davie High ,160,43.4,524,508,491,1032,1523
300,314, Davie County Early College Hig ,47,100,531,540,516,1071,1587
310,310, Duplin County Schools ,221,46.5,457,429,419,886,1305
310,338, Duplin Early College High ,17,42.5,458,437,439,895,1334
310,344, East Duplin High ,60,32.6,467,451,432,918,1350
310,352, James Kenan High ,66,60,438,392,390,830,1220
310,364, North Duplin Jr Sr ,34,65.4,487,464,449,951,1400
310,392, Wallace-Rose Hill High ,44,49.4,446,423,412,869,1281
320,320, Durham Public Schools ,1274,64.5,484,481,461,965,1426
320,309, Josephine Dobbs Clement Early ,75,97.4,456,454,436,910,1346
320,312, C E Jordan High ,280,74.3,534,534,510,1068,1578
320,317, City Of Medicine Academy ,47,78.3,471,474,466,945,1411
320,322, Durham's Performance Learning ,9,30,410,406,406,816,1222
320,323, Durham School Of Arts ,127,70.9,549,544,516,1093,1609
320,325, Hillside High ,119,54.1,430,421,403,851,1254
320,353, Middle College High @dtcc ,42,71.2,524,532,516,1056,1572
320,356, Northern High ,152,56.7,453,448,431,901,1332
320,365, Riverside High ,226,58.2,506,500,479,1006,1485
320,368, Southern High ,111,52.4,388,399,383,787,1170
320,700, Souther School Of Engineering ,32,82.1,441,418,405,859,1264
320,701, Hillside New Tech High ,54,93.1,430,432,400,862,1262
32D ,32D , Kestrel Heights School ,30,44.8,448,450,438,898,1336
32L ,32L , Voyager Academy ,2, NA , * , * , * , * , * 
330,330, Edgecombe County Public Schools ,168,38.8,432,419,405,851,1256
330,326, Edgecombe Early College High ,16,42.1,504,471,446,975,1421
330,328, North Edgecombe High ,33,47.8,417,385,367,802,1169
330,350, Southwest Edgecombe ,65,33.5,433,419,401,852,1253
330,358, Tarboro High ,54,40.9,420,425,421,845,1266
340,340, Forsyth County Schools4 ,1930,56.7,505,495,478,1000,1478
340,311, Atkins Academics & Technology ,42,53.2,441,449,434,890,1324
340,330, Carver High ,54,40.3,426,409,403,835,1238
340,332, Career Center ,2,NA,*,*,*,*,*
340,362, Earlycollege At Forsyth ,31,59.6,510,519,500,1029,1529
340,364, East Forsyth High ,259,58.5,497,482,458,979,1437
340,382, R B Glenn High ,147,45.4,474,472,447,946,1393
340,446, Middle College Forsyth ,13,28.3,449,421,452,870,1322
340,454, Mount Tabor High ,280,74.5,534,516,503,1050,1553
340,460, North Forsyth High ,115,43.7,433,435,412,868,1280
340,486, Parkland High ,145,48.5,477,470,443,947,1390
340,488, Jf Kennedy High ,,   ,   ,   ,   ,   ,   
340,495, Reagan High ,307,74.9,540,531,511,1071,1582
340,496, Reynolds High ,198,53.2,520,514,503,1034,1537
340,542, Walkertown High ,,   ,   ,   ,   ,   ,   
340,556, West Forsyth High ,299,66,534,520,505,1054,1559
340,568, Winston-Salem Prep Academy ,23,74.2,402,388,386,790,1176
340,703, Jacket Academy At Carver ,15,46.9,443,423,418,866,1284
34B ,34B , Quality Education Academy ,17,100,365,386,371,751,1122
34D ,34D , Carter G Woodson School ,21,100,418,374,354,792,1146
350,350, Franklin County Schools ,244,42.4,496,485,473,981,1454
350,308, Bunn High ,91,48.1,510,487,483,997,1480
350,317, Franklin County Early College ,4,33.3, * , * , * , * , * 
350,321, Franklinton High ,101,48.8,478,480,467,958,1425
350,336, Louisburg High ,48,28.7,506,497,467,1003,1470
360,360, Gaston County Schools ,1054,52.1,492,477,455,969,1424
360,310, Ashbrook High ,156,51.7,473,457,438,930,1368
360,336, Bessemer City High ,35,36.5,468,432,413,900,1313
360,337, Gaston Early College High ,4,16, * , * , * , * , * 
360,360, Cherryville Sr High ,54,41.2,469,457,420,926,1346
360,390, East Gaston High ,123,39.3,502,483,478,985,1463
360,396, Forestview High ,214,70.9,501,481,455,982,1437
360,418, Highland School Of Technology ,119,88.1,549,551,509,1100,1609
360,428, Hunter Huss High ,66,39.3,446,421,401,867,1268
360,470, North Gaston High ,84,40,465,443,429,908,1337
360,494, South Point High ,199,71.1,496,485,469,981,1450
36B ,36B , Piedmont Community Charter ,8,21.6,445,465,443,910,1353
370,370, Gates County Schools ,25,21.4,478,472,444,950,1394
370,312, Gates County Sr High ,25,21.4,478,472,444,950,1394
380,380, Graham County Schools ,33,45.8,472,471,446,943,1389
380,308, Robbinsville High ,33,45.8,472,471,446,943,1389
390,390, Granville County Schools,243,46.9,481,461,446,942,1388
390,322, Granville Central High ,37,35.2,491,476,465,967,1432
390,323, Granville Early College High ,18,90,513,482,459,995,1454
390,324, J F Webb High ,47,30.9,455,430,415,885,1300
390,700, J F Webb High Of Health Sci ,36,55.4,480,464,455,944,1399
390,704, South Granville Hi Of Heal Sci ,45,52.9,498,469,455,967,1422
390,705, South Granville High Of Busine ,60,65.9,475,462,442,937,1379
400,400, Greene County Schools ,71,33.8,431,439,429,870,1299
400,308, Greene Central High ,57,33.7,436,442,429,878,1307
400,315, Greene Early College High ,14,34.1,409,426,427,835,1262
410,410, Guilford County Schools ,3260,67.6,488,481,464,969,1433
410,319, T Wingate Andrews High ,88,60.3,422,415,387,837,1224
410,326, Middle College High At Bennet ,14,77.8,430,453,434,883,1317
410,355, Dudley High ,187,56.3,408,409,390,817,1207
410,358, Eastern Guilford High ,152,59.4,429,433,414,862,1276
410,390, Gc Middle College High ,47,92.2,449,474,448,923,1371
410,391, Penn-Griffin School For The Ar ,30,100,503,518,508,1021,1529
410,394, Grimsley High ,266,73.7,551,541,521,1092,1613
410,395, Early College At Guilford ,47,97.9,682,662,661,1344,2005
410,399, Gtcc East Middle College High ,24,44.4,489,478,459,967,1426
410,401, Gtcc Middle College High ,14,30.4,491,519,481,1010,1491
410,406, High Point Central High ,182,63.2,475,470,443,945,1388
410,407, The Academy At High Point Cent ,26,86.7,416,400,392,816,1208
410,408, High Point Gtcc Mid Coll High ,17,42.5,439,465,441,904,1345
410,483, Middle College High At Nc A&t ,30,100,407,414,385,821,1206
410,484, Northeast High ,136,74.7,451,441,427,892,1319
410,489, Northern Guilford High ,238,78.5,523,510,498,1033,1531
410,490, Northwest High ,316,76.1,551,539,527,1090,1617
410,508, Walter Hines Page High ,252,63.8,507,492,479,999,1478
410,529, Lucy Ragsdale High ,226,70.4,486,476,454,962,1416
410,544, Ben L Smith High ,121,48,411,411,398,822,1220
410,545, Smith Academy ,49,100,454,448,424,902,1326
410,547, Southeast High ,193,67,472,473,447,945,1392
410,556, Southern High ,139,66.5,466,459,438,925,1363
410,562, Southwest High ,209,74.1,491,480,467,971,1438
410,589, P J Weaver Ed Center ,60,85.7,516,539,523,1055,1578
410,595, Western High ,197,73.5,495,471,459,966,1425
41F ,41F , Triad Math and Science Academy ,1, NA , * , * , * , * , * 
420,420, Halifax County Schools ,87,38.2,391,377,379,768,1147
420,346, Northwest High ,50,41,417,381,391,798,1189
420,358, Southeast Halifax High ,37,34.9,356,371,362,727,1089
421,421, Roanoke Rapids City ,90,41.9,479,477,458,956,1414
421,316, Roanoke Rapids High ,90,41.9,479,477,458,956,1414
422,422, Weldon City Schools ,27,56.3,398,370,345,768,1113
422,310, Roanoke Valley Early College ,,   ,   ,   ,   ,   ,   
422,700,Weldon Stem,27,NA,398,370,345,768,1113
430,430, Harnett County Schools ,498,47.1,466,467,446,933,1379
430,346, Harnett Central High ,108,45.4,476,474,455,950,1405
430,371, Overhills High ,164,48.5,459,477,450,936,1386
430,378, Triton High ,146,56.4,465,453,433,918,1351
430,384, Western Harnett High ,80,38.3,470,463,447,933,1380
440,440, Haywood County Schools ,230,45.6,510,493,469,1003,1472
440,346, Haywood Early College ,7,15.9,540,554,504,1094,1598
440,378, Pisgah High ,81,37.5,495,481,456,976,1432
440,390, Tuscola High ,141,62.1,518,497,476,1015,1491
450,450, Henderson County Schools ,423,49.5,513,510,491,1023,1514
450,316, East Henderson High ,83,40.9,529,528,499,1057,1556
450,334, Hendersonville High ,105,64.8,508,512,492,1020,1512
450,341, North Henderson High ,89,53.9,489,490,469,979,1448
450,352, West Henderson High ,136,54.8,521,507,498,1028,1526
450,354, Henderson Co Early College Hig ,10,20.4,528,540,501,1068,1569
460,460, Hertford County Schools ,113,51.1,409,411,402,820,1222
460,320, Hertford County High ,83,50.3,419,421,410,840,1250
460,322, Hertford County Early College ,30,62.5,380,384,380,764,1144
460,340, Cs Brown Student Development C ,,   ,   ,   ,   ,   ,   
470,470, Hoke County Schools ,180,42.3,448,435,421,883,1304
470,312, Hoke County High ,144,42.9,438,425,411,863,1274
470,443, Sandhoke Early College High ,36,42.9,489,477,463,966,1429
480,480, Hyde County Schools ,21,61.8,471,432,415,903,1318
480,316, Ocracoke ,3,75, * , * , * , * , * 
480,318, Hyde County Early College High ,18,60,460,431,411,891,1302
490,490, Iredell-Statesville ,760,50.6,531,510,487,1041,1528
490,320, Collab Col Of Tech & Leadershi ,36,41.4,557,558,540,1115,1655
490,335, Lake Norman High ,357,81.9,550,526,503,1076,1579
490,346, North Iredell High ,81,34.6,518,487,461,1005,1466
490,354, Statesville High ,94,38.2,480,467,453,947,1400
490,355, Iredell-Statesville Visual & P ,11,15.3,496,507,474,1003,1477
490,362, South Iredell High ,119,51.5,527,506,478,1033,1511
490,380, West Iredell High ,59,33,505,496,464,1001,1465
491,491, Mooresville Graded School ,201,56.8,499,490,470,989,1459
491,312, Mooresville Sr High ,201,56.8,499,490,470,989,1459
49E ,49E , Pine Lake Preparatory,72,81.8,557,548,515,1105,1620
500,500, Jackson County Schools,91,40.4,503,494,468,997,1465
500,302, Blue Ridge Virtual Early Colle ,13,48.1,462,465,442,927,1369
500,323, Jackson County Early College ,9,23.1,571,602,551,1173,1724
500,324, Jackson Co Sch Of Alt ,2,6.7, * , * , * , * , * 
500,340, Smoky Mountain High ,67,51.9,503,483,461,986,1447
510,510, Johnston County Schools ,929,45.6,507,494,470,1001,1471
510,324, Clayton High ,178,60.8,508,502,479,1010,1489
510,327, Cleveland High ,125,47.5,501,483,454,984,1438
510,333, Corinth Holders High ,133,53.4,500,507,485,1007,1492
510,357, Johnston Middle College ,24,39.3,497,520,502,1017,1519
510,367, Johnston County Early College ,43,60.6,541,550,505,1091,1596
510,368, North Johnston High ,64,48.5,528,492,466,1020,1486
510,376, Princeton High ,36,40.4,507,492,468,999,1467
510,399, Smithfield-Selma High ,97,33.4,467,448,441,915,1356
510,402, South Johnston High ,74,27.1,506,499,461,1005,1466
510,406, West Johnston High ,155,48.9,525,490,467,1015,1482
51A ,51A , Neuse Charter School ,,   ,   ,   ,   ,   ,   
520,520, Jones County Schools ,29,46,452,450,417,902,1319
520,320, Jones Senior High ,29,46,452,450,417,902,1319
530,530, Lee County Schools ,280,49,490,479,459,969,1428
530,335, Lee Early College ,18,24,507,501,469,1008,1477
530,336, Lee County Sr High ,157,56.5,505,488,469,993,1462
530,343, Southern Lee Hgih ,105,50.5,465,461,441,926,1367
540,540, Lenoir County Public Schools,208,32.4,460,447,428,907,1335
540,315, Kinston High ,84,42.4,422,409,387,831,1218
540,317, Lenoir County Early College Hi ,26,45.6,477,486,441,963,1404
540,324, North Lenoir High ,69,33.2,476,463,452,939,1391
540,336, South Lenoir High ,29,17.9,519,487,478,1006,1484
550,550, Lincoln County Schools ,426,53.7,497,476,456,973,1429
550,320, East Lincoln High ,111,65.7,506,486,462,992,1454
550,332, Lincolnton High ,71,36.4,475,458,429,933,1362
550,344, North Lincoln High ,145,65.9,510,485,477,995,1472
550,368, West Lincoln High ,99,47.6,485,465,436,950,1386
55A ,55A , Lincoln Charter Schools ,64,84.2,537,519,510,1056,1566
560,560, Macon County Schools ,99,38.5,492,506,484,998,1482
560,320, Franklin High ,74,43.5,491,499,476,990,1466
560,324, Highlands School ,10,47.6,494,534,507,1028,1535
560,329, Macon County Early College Hig ,10,23.8,489,520,514,1009,1523
560,332, Nantahala School ,5,45.5,514,526,490,1040,1530
570,570, Madison County Schools ,79,41.8,490,493,466,983,1449
570,317, Madison Early College High ,13,31.7,542,544,502,1086,1588
570,318, Madison High ,66,44.6,480,483,459,963,1422
580,580, Martin County Schools ,106,54.9,480,439,430,919,1349
580,344, South Creek High ,34,48.6,475,436,427,911,1338
580,368, Riverside High ,72,58.5,482,440,431,922,1353
58B ,58B , Bear Grass Charter School ,,   ,   ,   ,   ,   ,   
590,590, Mcdowell County Schools ,178,43.3,493,481,473,974,1447
590,328, Mcdowell Early College ,32,45.7,482,476,452,958,1410
590,330, Mcdowell High ,146,42.8,496,482,477,978,1455
600,600, Charlotte-Mecklenburg Schools,5016,59.7,503,493,477,996,1473
600,302, Ardrey Kell High ,445,81.8,560,541,535,1101,1636
600,312, William Amos Hough High ,341,73.7,534,520,498,1054,1552
600,334, Cato Middle College High ,84,84.8,561,547,528,1108,1636
600,361, David W. Butler High ,268,56.9,526,518,499,1044,1543
600,364, Marie G. Davis Military & Globa ,12,48,417,433,413,850,1263
600,377, East Mecklenburg High ,204,57.8,511,491,479,1002,1481
600,397,Garinger High,142,44.2,412,407,399,819,1218
600,386, Hawthorne High/Taps ,1,2.4, * , * , * , * , * 
600,405, Harding Univ High ,140,46.8,459,449,442,908,1350
600,415, Hopewell High ,207,54.3,467,459,446,926,1372
600,426, Independence High ,217,48.8,485,473,462,958,1420
600,445, Mallard Creek High ,315,60.5,492,488,468,980,1448
600,457, Rocky River High ,181,54.4,447,446,431,893,1324
600,466, Myers Park High ,434,73.1,566,553,534,1119,1653
600,480, North Mecklenburg High ,194,59.9,487,487,472,974,1446
600,482, Northwest School of the Arts,91,80.5,475,505,480,980,1460
600,496, Phillip O Berry High ,203,68.6,488,470,448,958,1406
600,498, Performance Learning Center ,17,20.5,451,446,435,897,1332
600,508, Providence High ,381,84.7,577,564,547,1141,1688
600,535, South Mecklenburg High ,315,64.8,524,520,503,1044,1547
600,576, West Charlotte High ,141,42.5,411,394,382,805,1187
600,579, West Mecklenburg High ,176,46.8,421,409,393,830,1223
600,592, Zebulon B. Vance High ,194,46.2,421,412,399,833,1232
600,693, Renaissance School At Olympic ,55,55.6,474,483,471,957,1428
600,694, Olympic High-Math-Eng-Tech Sci ,81,68.6,486,454,440,940,1380
600,695, Int Studies & Global Economics ,49,49,440,443,422,883,1305
600,696, Int Business & Communication S ,38,39.6,433,430,423,863,1286
600,697," Biotechnology, Health & Pub A",57,66.3,457,459,438,916,1354
60C ,60C , Kennedy Charter ,14,58.3,378,383,361,761,1122
60D ,60D , Lake Norman Charter ,190,97.9,544,532,521,1076,1597
60G ,60G , Queens Grant Community,61,70.1,518,535,527,1053,1580
60H ,60H , Crossroads Charter High,9,12.2,368,342,342,710,1052
60I ,60I , Community School Of Davidson ,,   ,   ,   ,   ,   ,   
610,610, Mitchell County Schools ,73,50.7,504,505,467,1009,1476
610,332, Mayland Early College ,,   ,   ,   ,   ,   ,   
610,334, Mitchell High ,73,55.3,504,505,467,1009,1476
620,620, Montgomery County Schools ,108,45.6,435,426,416,861,1277
620,316, East Montgomery High ,58,54.2,410,408,403,818,1221
620,340, West Montgomery High ,50,40.3,465,446,430,911,1341
630,630, Moore County Schools ,429,55.5,512,505,480,1017,1497
630,332, North Moore High ,52,35.4,480,442,439,922,1361
630,336, Pinecrest High ,267,67.1,522,514,485,1036,1521
630,360, Union Pines High ,110,48.5,503,513,488,1016,1504
640,640, Nash-Rocky Mount Schools ,514,44.3,470,451,434,921,1355
640,340, Wl Greene Alternative ,,   ,   ,   ,   ,   ,   
640,346, Nash Central High ,126,49.6,475,447,424,922,1346
640,347, Nrm Early College High ,35,50,466,478,461,944,1405
640,350, Northern Nash High ,117,46.6,454,441,428,895,1323
640,361, Rocky Mount High ,137,51.1,486,460,443,946,1389
640,364, Southern Nash Sr High ,99,35.4,464,446,434,910,1344
64A ,64A , Rocky Mount Preparatory ,40,88.9,437,431,410,868,1278
650,650, New Hanover County Schools ,1032,59.9,526,516,494,1042,1536
650,326, Emsley A Laney High ,218,51.1,515,509,485,1024,1509
650,327, Eugene Ashley High ,197,52.5,513,505,491,1018,1509
650,340, Isaac Bear Middle College High ,51,92.7,570,580,546,1150,1696
650,342, John T Hoggard High ,293,78.6,561,537,515,1098,1613
650,352, New Hanover High ,228,57.7,505,496,477,1001,1478
650,355, Mary S. Mosley Performance Lrn ,10,71.4,386,368,363,754,1117
650,394, Wilmington Early College High ,35,58.3,493,512,475,1005,1480
660,660, Northampton County Schools ,69,55.6,419,393,383,812,1195
660,336, Northampton High-East ,58,47.9,420,390,379,810,1189
66A ,66A , Gaston College Preparatory ,26,43.3,474,460,463,934,1397
670,670, Onslow County Schools ,746,55.3,483,478,453,961,1414
670,320, Dixon High ,78,49.1,471,468,438,939,1377
670,324, Jacksonville High ,146,64,490,482,450,972,1422
670,333, Northside High School ,90,47.1,465,476,442,941,1383
670,340, Richlands High ,110,48.7,489,485,457,974,1431
670,344, Southwest High ,75,55.6,461,447,448,908,1356
670,352, Swansboro High ,96,50,511,505,478,1016,1494
670,364, White Oak High ,151,68.9,481,473,452,954,1406
680,680, Orange County Schools ,297,65.6,523,515,499,1038,1537
680,310, Cedar Ridge Hs ,146,69.9,544,533,516,1077,1593
680,332, Orange Senior High ,151,63.2,503,498,482,1001,1483
681,681, Chapel Hill-Carrboro ,720,82.9,604,588,578,1192,1770
681,305, Carbaro High School ,138,75.4,570,562,551,1132,1683
681,308, Chapel Hill High ,264,81.7,622,593,582,1215,1797
681,314, East Chapel Hill High ,317,89.8,604,594,585,1198,1783
681,338, Phoenix Academy High ,1,12.5, * , * , * , * , * 
68N ,68N , Pace Academy ,3,7.3, * , * , * , * , * 
690,690, Pamlico County Schools ,52,46.8,498,487,451,985,1436
690,320, Pamlico County High ,52,46.8,498,487,451,985,1436
700,700, Elizabeth City-Pasquotank ,209,56,443,445,427,888,1315
700,317, Northeastern High ,126,63.6,447,454,431,901,1332
700,319, Pasquotank County High ,83,53.9,438,432,420,870,1290
710,710, Pender County Schools ,282,50.6,494,489,469,983,1452
710,321, Heide Trask High ,48,40.3,461,466,447,927,1374
710,326, Pender High ,41,34.7,458,446,409,904,1313
710,327, Pender Early College High ,32,43.2,493,501,472,994,1466
710,342, Topsail High ,161,65.4,514,505,490,1019,1509
720,720, Perquimans County Schools ,56,50.9,471,449,417,920,1337
720,316, Perquimans Co High ,56,50.9,471,449,417,920,1337
730,730, Person County Schools ,141,51.5,489,474,454,963,1417
730,352, Person High ,141,51.5,489,474,454,963,1417
73B ,73B , Roxboro Community School ,30,51.7,510,529,509,1039,1548
740,740, Pitt County Schools ,727,55.7,496,481,456,977,1433
740,309, Ayden-Grifton High ,62,43.7,460,458,438,918,1356
740,333, D H Conley High ,161,58.3,524,497,470,1021,1491
740,344, Farmville Central High ,73,47.7,452,433,413,885,1298
740,366, J H Rose High ,185,68.5,529,516,493,1045,1538
740,374, North Pitt High ,59,36.4,446,412,390,858,1248
740,388, South Central High ,187,61.7,484,479,450,963,1413
750,750, Polk County Schools ,66,43.4,523,513,513,1036,1549
750,317, Polk Co. Virtual Early College ,4,40, * , * , * , * , * 
750,318, Polk County High ,62,43.7,525,512,514,1037,1551
760,760, Randolph County Schools ,495,43.9,490,468,452,958,1410
760,318, Eastern Randolph High ,57,37.7,479,463,439,942,1381
760,339, Providence Grove High ,81,49.7,490,476,458,966,1424
760,348, Randleman High ,66,36.3,473,439,438,912,1350
760,354, Randolph Early College High ,51,70.8,513,504,486,1017,1503
760,358, Southwestern High ,78,31.7,499,475,447,974,1421
760,380, Trinity High ,62,44,489,458,451,947,1398
760,388, Wheatmore High ,100,58.1,487,465,449,952,1401
761,761, Asheboro City Schools ,157,59.9,479,464,453,943,1396
761,304, Asheboro High ,157,59.9,479,464,453,943,1396
770,770, Richmond County Schools ,189,36.5,455,451,436,906,1342
770,348, Richmond Senior High ,148,37.8,447,441,427,888,1315
770,349, Richmond Early College High ,41,69.5,484,488,468,972,1440
780,780,Robeson County Public Schools ,535,35.7,432,409,392,841,1233
780,325, Fairmont High ,38,27,438,418,394,856,1250
780,342, Lumberton Senior High ,174,43,449,433,408,882,1290
780,385, Robeson County Early College ,22,36.1,507,482,452,989,1441
780,391, Red Springs High ,66,38.2,419,385,381,804,1185
780,401, Saint Pauls High ,33,16.2,436,409,401,845,1246
780,402, South Robeson High ,53,45.3,391,390,368,781,1149
780,420, Purnell Swett High ,149,37.3,419,387,376,806,1182
790,790, Rockingham County Schools ,392,47.5,466,457,436,923,1359
790,314, Dalton Mcmichael High ,93,48.2,471,467,448,938,1386
790,354, John M Morehead High ,110,62.1,459,457,420,916,1336
790,366, Reidsville High ,93,55.7,441,423,406,864,1270
790,378, Rockingham Co High ,72,38.9,494,477,473,971,1444
790,379, Rockinghan County Early Colleg ,24,23.8,490,496,474,986,1460
800,800, Rowan-Salisbury Schools ,640,50.4,484,469,452,953,1405
800,308, Henderson Independent Hs ,,   ,   ,   ,   ,   ,   
800,340, East Rowan High ,92,45.5,502,471,459,973,1432
800,361, Jesse C. Carson High ,108,43,483,458,448,941,1389
800,376, North Rowan High ,55,38.7,434,433,401,867,1268
800,394, Rowan County Early College ,57,93.4,516,501,481,1017,1498
800,396, Salisbury High ,107,61.5,482,475,454,957,1411
800,400, South Rowan High ,95,43.4,486,465,458,951,1409
800,408, West Rowan High ,126,60.3,481,474,453,955,1408
810,810, Rutherford County Schools ,303,53.8,450,443,424,893,1317
810,324, Chase High ,76,41.5,447,435,423,882,1305
810,340, East Rutherford High ,100,71.4,432,424,408,856,1264
810,384, R S Central ,101,54,461,458,433,919,1352
810,385, Rutherford County Early Col Hi ,23,76.7,497,500,467,997,1464
810,386, Rutherford Opportunity Center ,3,13, * , * , * , * , * 
81A ,81A , Thomas Jefferson Class Academy ,70,98.6,553,558,534,1111,1645
820,820, Sampson County Schools ,235,45.9,468,459,442,927,1369
820,324, Sampson Early College High ,29,34.1,489,483,446,972,1418
820,348, Hobbton High ,46,46.5,463,456,420,919,1339
820,349, Lakewood High ,62,60.2,460,448,444,908,1352
820,352, Midway High ,61,46.2,501,489,473,990,1463
820,388, Union High ,37,39.8,419,411,409,830,1239
821,821, Clinton City Schools ,106,57,459,447,438,906,1344
821,308, Clinton High ,106,57,459,447,438,906,1344
830,830, Scotland County Schools ,223,60.6,446,430,413,876,1289
830,316, East Laurinburg Alternative ,2,11.8, * , * , * , * , * 
830,343, Scotland High ,203,67.9,446,427,410,873,1283
830,348, Scotland Early College High ,17,32.7,451,464,455,915,1370
840,840, Stanly County School ,277,46.6,491,463,445,954,1399
840,302, Albemarle High ,60,51.7,464,426,423,890,1313
840,332, North Stanly High ,77,59.2,499,467,441,966,1407
840,356, South Stanly High ,46,44.7,500,470,453,970,1423
840,361, Stanly Early College High Scho ,21,38.9,519,514,498,1033,1531
840,368, West Stanly High ,70,38.5,498,474,451,972,1423
84B ,84B , Gray Stone Day ,68,100,554,553,529,1107,1636
850,850, Stokes County Schools ,233,46.3,482,467,455,949,1404
850,332, N Stokes Mid/High ,45,48.4,514,476,470,990,1460
850,352, South Stokes High ,75,42.4,463,454,433,917,1350
850,358, West Stokes High ,89,46.4,477,467,455,944,1399
850,360, Stokes Co Early College High ,23,62.2,507,497,494,1004,1498
860,860, Surry County Schools ,197,35.9,512,482,462,994,1456
860,316, East Surry High ,63,56.8,517,479,463,996,1459
860,336, North Surry High ,51,27.9,518,484,469,1002,1471
860,352, Surry Central High ,63,41.7,491,467,445,958,1403
860,354, Surry Early College Hs Design ,20,19.4,546,536,494,1082,1576
861,861, Elkin City Schools ,35,44.3,511,505,488,1016,1504
861,308, Elkin High ,35,44.3,511,505,488,1016,1504
862,862, Mount Airy City Schools ,62,47.7,514,505,499,1019,1518
862,312, Mount Airy High ,62,47.7,514,505,499,1019,1518
870,870, Swain County Schools ,61,43.9,472,467,436,939,1375
870,314, Swain County High ,61,44.5,472,467,436,939,1375
880,880, Transylvania County ,114,46.7,530,524,477,1054,1531
880,308, Brevard High ,86,53.4,537,526,481,1063,1544
880,328, Rosman Middle/High ,28,40,509,518,464,1027,1491
890,890, Tyrrell County Schools ,15,53.6,465,448,438,913,1351
890,304, Columbia High ,15,53.6,465,448,438,913,1351
900,900, Union County Public Schools,1786,66.8,523,506,495,1029,1524
900,311, Cuthbertson High ,230,79.3,526,513,505,1039,1544
900,316, Forest Hills High ,97,48.3,444,429,406,873,1279
900,336, Monroe High ,77,42.3,408,387,377,795,1172
900,342, Porter Ridge High ,184,57.1,504,495,472,999,1471
900,344, Parkwood High ,90,45,515,503,496,1018,1514
900,348, Piedmont High ,150,63.8,513,485,480,998,1478
900,360, Sun Valley High ,159,56.4,499,487,471,986,1457
900,366, Centralacademy Of Technology ,162,86.2,530,521,499,1051,1550
900,367, Union County Early College Hig ,54,56.3,570,563,536,1133,1669
900,377, Weddington High ,256,91.1,543,528,519,1071,1590
900,393, Marvin Ridge High ,327,95.6,573,546,546,1119,1665
90A ,90A , Union Academy ,72,86.7,499,500,489,999,1488
910,910, Vance County Schools ,215,49,441,422,419,863,1282
910,364, Southern Vance High ,84,58.3,413,390,381,803,1184
910,370, Northern Vance High ,104,50.2,458,443,441,901,1342
910,382, Vance County Early College Hig ,27,38,459,444,453,903,1356
920,920, Wake County Schools ,6243,69,541,523,508,1064,1572
920,316, Apex High ,458,81.9,585,554,540,1139,1679
920,318, Athens Drive High ,301,76.4,561,532,521,1093,1614
920,348, Needham Broughton High ,348,70,543,529,516,1072,1588
920,368, Cary High ,338,65,559,550,529,1109,1638
920,412, William G Enloe High ,372,69.5,577,565,549,1142,1691
920,428, Fuquay-Varina High ,201,47.6,530,515,492,1045,1537
920,436, Garner High ,288,63,484,480,456,964,1420
920,441, Green Hope High ,428,91.5,601,564,552,1165,1717
920,445, Heritage High ,243,73.2,514,495,483,1009,1492
920,455, Holly Springs High ,370,72.5,523,510,495,1033,1528
920,466, Knightdale High ,167,49.4,476,463,443,939,1382
920,473, Leesville Road High ,397,75.6,558,530,517,1088,1605
920,495, Middle Creek High ,257,66.2,524,512,502,1036,1538
920,500, Millbrook High ,303,68.1,517,500,490,1017,1507
920,526, Panther Creek High School ,453,84.5,562,548,537,1110,1647
920,528, Phillips High ,3,5.4, * , * , * , * , * 
920,552, Sanderson High ,293,66.6,540,527,504,1067,1571
920,562, Southeast Raleigh High ,185,57.1,462,459,432,921,1353
920,583, Wake Early College Of Health & ,35,77.8,573,568,566,1141,1707
920,588, Wake Forest High ,276,65.6,520,504,485,1024,1509
920,595, Wakefield High ,394,72.4,534,508,496,1042,1538
920,700, East Wake Health Science ,53,56.4,456,454,440,910,1350
920,701, East Wake School Of Integrated ,17,37.8,424,404,404,828,1232
920,702," East Wake School Of Arts, Ed &",25,27.8,452,462,453,914,1367
920,703, East Wake School Of Engineerin ,38,56.7,502,473,442,975,1417
92F ,92F , Franklin Academy ,84,95.5,543,529,507,1072,1579
92G ,92G , East Wake Academy ,26,44.8,464,492,477,956,1433
92K ,92K , Raleigh Charter High ,119,93.7,648,643,623,1291,1914
92P ,92P , Southern Wake Academ ,14,45.2,501,503,462,1004,1466
930,930, Warren County School ,114,62.3,394,388,377,782,1159
930,352, Warren County High ,65,67.7,375,373,362,748,1110
930,360, Warren Early College High ,16,32.7,466,458,438,924,1362
930,700, Warren New Tech High ,33,86.8,396,384,376,780,1156
93A ,93A , Haliwa-Saponi Tribal ,4,50, * , * , * , * , * 
940,940, Washington County Schools ,84,68.9,413,391,394,804,1198
940,308, Creswell High ,16,59.3,436,427,429,863,1292
940,316, Plymouth High ,68,71.6,408,382,386,790,1176
950,950, Watauga County Schoo ,231,74.5,541,546,518,1087,1605
950,336, Watauga High ,231,74.5,541,546,518,1087,1605
960,960, Wayne County Public ,462,40.3,476,463,438,939,1377
960,324, Charles B Aycock High ,93,36.2,505,488,462,993,1455
960,330, Eastern Wayne High ,95,47.3,485,469,449,954,1403
960,335, Goldsboro High ,46,41.4,389,383,373,772,1145
960,372, Rosewood High ,55,44.7,471,479,438,950,1388
960,380, Southern Wayne High ,69,35.8,449,429,395,878,1273
960,386, Spring Creek High ,24,23.8,532,485,493,1017,1510
960,490, Wayne Early/Middle College ,29,41.4,555,536,509,1091,1600
960,700, Wayne School Of Engineering At ,51,75,452,454,425,906,1331
970,970, Wilkes County School ,244,41.4,505,493,476,998,1474
970,320, East Wilkes High ,43,45.3,489,484,469,973,1442
970,356, North Wilkes High ,38,34.5,481,484,458,965,1423
970,388, West Wilkes High ,59,40.4,495,485,468,980,1448
970,390, Wilkes Central High ,101,51.8,527,505,489,1032,1521
970,393, Wilkes Early College High ,3,6.8, * , * , * , * , * 
980,980, Wilson County School ,362,48.3,490,463,449,953,1402
980,318, Beddingfield High ,57,28.5,467,430,406,897,1303
980,336, Fike High ,139,60.2,503,474,461,977,1438
980,342, Hunt High ,147,51,482,459,446,941,1387
980,398, Wilson Early College Academy ,19,61.3,525,506,510,1031,1541
990,990, Yadkin County School ,163,41.9,500,470,457,970,1427
990,322, Forbush High ,86,45.3,496,469,454,965,1419
990,326, Starmount High ,63,44.7,497,464,451,961,1412
990,332, Yadkin Early College ,14,24.1,539,508,506,1047,1553
995,995, Yancey County Schools ,43,40.2,494,488,466,982,1448
995,330, Mountain Heritage High ,43,40.2,494,488,466,982,1448
